294
1014
1080
1087
1090
1131
1192
1219
1229
1366
1921
2139
2148
2365
2528
2886
3327
3601
3703
4067
4480
4662
4691
4725
5195
5612
5637
5803
5804
5805
5807
5808
6164
9676
9677
9680
9683
9707
11140
12374
12383
12494
12495
12496
12497
12498
14511
14727
15121
15204
15225
19558
19570
20404
20844
22940
22979
22985
24580
24646
25637
25926
25934
27761
29739
29777
32237
34225
35079
39495
41137
41138
41139
41140
41141
42186
43512
45211
45243
46016
46018
46096
46126
46156
47228
47438
47442
48074
48103
49012
49758
49768
50379
50510
51054
51056
51110
83121
83576
83739
83900
87337
87929
87936
87984
89030
96903
97050
97077
97087
97101
97109
97227
106636
107265
107328
107577
108791
108808
108823
109730
116384
118918
122114
122280
122373
125880
129630
130707
131004
135281
136042
142027
145811
147381
150826
158902
169963
170977
175114
176435
177501
177558
178145
178151
183017
189180
189876
189905
189910
191089
191323
191338
193406
193526
193545
193594
193629
193766
194056
194383
197406
197889
198168
198175
202437
204998
205019
205099
205480
205489
206332
207857
208279
208291
209007
210136
212251
213730
213802
213804
213818
214039
214042
214068
215098
215111
218016
218582
220010
220021
220041
220047
220179
220182
220244
220302
220383
220389
220389
220535
220634
220652
220654
221186
221186
221187
221193
221214
221484
222016
222111
222175
222186
222203
222633
222767
222921
226749
226758
226758
226882
226883
228122
228956
230079
230620
230620
230622
230777
230788
233050
233056
233074
233240
233253
233254
233255
234433
234444
235595
235600
237360
237360
237362
237364
239959
239959
239960
239963
239979
239979
239983
239998
240002
240003
240006
240010
240029
240031
240044
240045
240050
240064
240066
240076
240078
240099
240099
240108
240149
240153
240162
240165
240165
240175
240185
240196
241831
241833
241979
241981
241985
241986
243213
243215
243424
244680
244724
245299
246949
246949
247419
247420
249666
249672
249676
249677
249681
249682
249687
249689
249694
249696
249702
249705
249713
249715
249716
249737
249742
249840
249875
249976
253520
253520
253521
253525
253529
253529
253536
253544
253545
253550
253558
253560
253562
253566
253566
253568
253570
253576
253588
253588
253591
253596
253599
253607
253614
253614
253615
253636
253638
253641
253643
253651
253653
253656
253669
253672
253673
253681
253682
253687
253690
253695
253696
253701
253703
253710
253715
253735
253738
254107
254109
254113
254114
254114
254117
254117
254118
254118
254121
254130
254130
254134
259201
259204
259211
259212
259213
259219
259673
259677
259689
259697
259701
259705
259706
259709
259712
259712
259714
259715
259716
259721
259723
260979
260980
260982
260986
260987
260988
260989
260989
260992
261322
262686
262695
262835
262838
262849
265369
265371
265379
265382
265390
265392
265394
265396
265399
265403
265407
265412
265414
265414
265415
265415
265416
265712
265715
265715
265717
265718
265719
265722
265722
265723
265727
265728
266050
266132
268530
268530
269666
269666
270349
270356
270357
270359
270367
270367
270368
270370
270371
270374
270376
270376
270378
270736
270781
270786
270788
270790
270791
270796
270796
270801
270953
270954
270958
270961
270962
270963
270966
270966
270969
270972
271115
271160
271366
271370
271386
275151
275698
275698
275699
275705
275705
275727
276197
276206
276208
276208
276209
276209
276212
276214
276224
276299
276300
276416
276474
276606
277824
277990
277991
277996
278066
278070
278072
278074
278075
278076
278193
278194
278194
278211
278260
279609
279611
279613
279613
279700
279702
279707
279715
279717
279860
279861
279986
279988
279989
279990
279992
279993
280221
280222
280224
280232
280298
288762
288876
288877
288992
289214
289215
289217
289218
289219
289221
289222
289227
289230
290527
292950
366235
366236
366238
366241
366243
366245
366253
366257
366261
366265
366272
366277
366279
366282
366290
366293
366296
366297
366300
366301
366306
366307
366308
366309
366315
366317
366319
366321
366323
366325
366333
366336
366347
366355
366358
366361
366363
366368
366369
366370
366375
366376
366377
366379
366380
366383
366392
366397
366400
366405
366409
366415
366421
366423
366425
366429
366430
366432
366437
366440
366441
366443
366445
366449
366450
366451
366455
366456
366457
366459
366463
366464
366465
366472
366474
366476
366478
366479
368945
368947
368948
368953
368955
368959
368960
368961
368962
368963
368966
368968
368971
368972
368975
368976
368978
368979
368980
368983
368984
368985
368988
368992
368996
368997
368998
369000
369002
369004
369005
369007
369008
369009
369010
369013
369014
369015
369016
369017
369018
369020
369021
369022
369024
369025
369027
369028
369029
369032
369035
369037
369039
369040
369044
369046
369047
369048
369049
369050
369052
369053
369054
369056
369058
369059
369060
369070
369071
369073
369075
369076
369077
369078
369079
369080
369081
369082
369083
369084
369085
369086
369087
369088
369089
369090
369091
369093
369097
369099
370357
370361
370431
370440
370460
370547
370580
370600
370753
373501
373506
373516
373518
373519
373527
373540
373547
373554
373561
373579
373586
373588
373593
373605
373611
373618
373621
373627
373633
373634
373641
373643
373645
373651
373652
373656
373658
373680
373690
373693
373698
373704
373705
373710
373711
373714
373719
373722
373725
373734
376251
376324
376442
376449
376486
376564
376578
378380
378387
378391
378394
378397
378399
378408
378417
378421
378433
378442
378454
378458
378461
378465
378476
378484
378507
378508
378513
378514
378518
378525
378535
378536
378537
380210
380375
380379
380384
380385
380407
380413
380416
380452
380454
380466
380473
380486
380488
380492
380505
380512
382236
382241
382243
382360
382384
383160
383161
383162
383163
383164
383165
383166
383167
383168
383169
383170
383171
383172
383173
383174
383175
383177
383183
383189
383195
383197
383205
383208
383212
383217
383218
383227
383229
383232
383235
383237
383240
383245
383248
383260
383265
383271
383273
383278
383279
383280
383286
383289
383292
383293
383294
383296
383301
383310
383312
383313
383319
383324
383327
383328
383331
383334
383335
383336
383339
383345
383352
383356
383358
383359
383366
383367
383368
383370
383371
383372
383374
383375
383377
383380
383382
383383
383397
383406
383414
383415
383418
383421
383423
383434
383443
386375
386489
386491
386496
386534
386544
386558
386577
386614
386619
386620
386641
386649
386655
386678
386700
386705
386723
389443
389581
389692
391781
391784
391785
391786
391790
391791
391792
391794
391797
391798
391799
391800
391804
391806
391807
391809
391811
391816
391821
391822
391825
391827
391828
391831
391832
391837
391845
391847
391848
391849
391850
391858
391864
391865
391867
391868
391869
391873
391874
391875
391877
391880
391887
391890
391892
391893
391896
391904
391906
391908
391909
391914
391915
391920
391925
391926
391930
391931
391933
391938
391940
391944
391947
391949
391953
391960
391961
394485
394486
394487
394492
394498
394499
394502
394505
394509
394510
394511
394513
394514
394516
394523
394526
394527
394530
394531
394533
394534
394538
394540
394544
394552
394553
394557
394559
394561
394564
394566
394568
394570
394578
394581
394582
394583
394586
394587
394589
394591
394592
394594
394595
394600
394606
394607
394610
394611
394615
394616
394618
394619
394622
394623
394626
394627
394631
394636
394639
394640
394641
394642
394643
394645
394646
394656
394657
394661
394662
394665
394668
394669
394671
394673
394676
394677
394682
394684
394687
394689
394694
394696
394699
394701
394704
394706
394707
394708
394709
394710
394716
394717
394727
394729
394731
394732
394733
394734
394736
394737
394738
394741
394742
394743
394744
394745
394746
394747
397665
397678
397700
397716
397796
397812
397843
397894
397901
397906
398514
398519
398572
398619
398622
398680
398681
401701
401868
401936
401983
402052
402095
405145
405176
405267
405352
405420
407526
407537
407539
407562
407575
407583
407585
407604
407616
407621
407630
407633
407634
407638
407639
407651
407674
407677
407678
407680
407683
407688
407689
407690
409591
409604
409610
409645
409646
409739
409740
409743
409746
409747
409748
409749
409758
409765
409766
409775
409776
409779
409780
409784
409799
409813
409817
409821
409823
409827
409830
409833
409850
409852
409853
409860
409876
409877
409878
409880
409883
409887
409888
409900
409908
409920
409921
409922
409925
409927
409929
409933
409942
409945
409948
409954
409956
409967
409974
409978
409980
409981
409984
409992
409995
409996
410002
410003
410020
410023
410025
410032
410035
410041
410043
410045
410048
413367
413368
413369
413370
413371
413372
413373
413374
413375
413376
413377
413378
413379
413380
413381
413382
413552
413562
413567
413601
413642
413652
413658
413679
413733
414301
414302
414303
414306
414309
414311
414316
414326
414328
414331
414334
414336
414343
414347
414348
414352
414353
414357
414361
414366
414369
414371
414372
414374
414377
414384
414385
414393
414396
414400
414403
414407
414417
414419
414424
414426
414427
414432
414440
414447
414455
414459
414461
414462
414483
414485
414492
414501
414502
414508
416776
416803
416805
416821
416873
416877
416890
416944
417441
417574
417575
417578
417579
417587
417590
417592
417593
417594
417595
417599
417603
417604
417608
417609
417620
417621
417622
417623
417625
417627
417628
417631
417632
417634
417639
417641
417642
417643
417648
417654
417655
417657
417659
417662
417664
417668
417671
417673
417676
417677
417680
417681
417682
417688
417690
417691
417693
417698
417699
417700
417702
417706
417707
417710
417711
417711
417713
417715
417719
417721
417722
417723
417727
417732
417733
417734
417739
417744
417746
417748
417759
417760
417763
417764
417770
417773
417774
417775
417782
417785
417786
417788
417791
417794
417795
417798
417802
417803
417805
417806
417808
417809
417811
417812
417820
420482
420487
420842
420917
423465
423485
423496
423550
423672
423673
423674
423677
423680
423681
423692
423699
423701
423702
423704
423706
423707
423715
423716
423718
423719
423721
423722
423724
423728
423737
423741
423743
423746
423747
423749
423751
423754
423759
423761
423765
423767
423768
423773
423786
423787
423791
423797
423802
423808
423821
423822
423826
423827
423828
423833
423834
423840
423843
423847
423850
425826
425835
425836
425839
425864
425868
425869
425895
425899
425919
425936
425954
425984
425985
425997
426596
426609
426627
426703
426705
426709
426710
426711
426714
426719
426721
426722
426728
426731
426733
426734
426736
426740
426743
426745
426747
426749
426750
426754
426755
426758
426759
426768
426770
426771
426775
426781
426784
426785
426787
426789
426793
426804
426808
426810
426812
426813
426815
426817
426819
426821
426822
426823
426826
426832
426834
426840
426843
426844
426846
426852
426854
426855
426856
426858
426860
426863
426864
426867
426869
426870
426875
426876
426880
426886
426887
426891
426893
426894
426920
426927
426940
426941
426944
426945
426947
426948
426949
426950
429665
429666
429670
429671
429672
429673
429674
429675
429676
429677
429678
429679
429892
429893
429894
429895
429896
429901
429902
429903
429904
429906
429907
429908
429909
429911
429912
429913
429914
429916
429917
429919
430690
430690
430691
430695
430696
430698
430700
430703
430706
430709
430712
430713
430714
430716
430717
430718
430721
430731
430732
430735
430737
430738
430740
430743
430751
430753
430755
430756
430764
430767
430773
430775
430778
430780
430781
430783
430788
430789
430790
430794
430795
430799
430800
430801
430804
430805
430808
430813
430817
430822
430833
430835
430838
430843
430851
430856
430859
430860
430861
430862
430863
430869
430872
432989
432992
433002
433008
433024
433027
433028
433030
433031
433032
433033
433034
433035
433036
433037
433040
433041
433044
433045
433046
433048
433052
433054
433055
433056
433057
433058
433059
433060
433061
433062
433071
433072
433096
433099
433111
433114
433129
433132
433136
433137
433140
433151
433153
433154
433155
433163
433164
433165
433168
433170
433171
433172
433173
433174
433182
433191
433197
433198
433200
433202
433203
433208
433214
433217
433220
433226
433244
433246
433255
433257
433258
433260
433261
433263
433264
433266
433268
433277
433281
433283
433293
433297
435152
435153
435155
435156
435157
435159
435160
435161
435162
435163
435164
435166
435167
435168
435169
435170
435171
435172
435175
435176
435177
435178
435179
435180
435181
435182
435183
435184
435186
435187
435188
435189
435190
435192
435193
435195
435197
435199
435200
435201
435202
435204
435205
435208
435210
435212
435213
435214
435216
435217
435219
435220
435221
435222
435223
435224
435225
435228
435229
435230
435231
435233
435234
435236
435237
435238
435239
435240
435241
435242
435243
435245
435246
435248
435249
435250
435251
435252
435254
435255
435256
435257
435259
435260
435261
435262
435263
435264
435265
435266
435267
435268
435269
435270
435275
435276
435277
435278
435279
435281
435282
435283
435284
435285
435286
435287
435288
435292
435293
435294
435295
435296
435298
435299
435301
435302
435303
435303
435304
435306
435310
435311
435312
435314
435315
435317
435318
435319
435320
435321
435322
435323
435324
435325
435326
435329
435330
435331
435332
435333
435334
435335
435336
435337
435338
435341
435345
435346
435348
435349
435350
435351
435353
435354
435356
435358
435360
435361
435362
435365
435367
435369
435370
435372
435373
435374
435375
435376
435377
435381
435382
435383
435384
435385
435389
435390
435392
435395
435397
435398
435399
435400
435401
435402
435403
435404
435406
435412
435415
435418
435419
435420
438497
438567
438578
438582
438590
438591
438595
438609
438611
438612
438620
438627
438637
438650
438662
438675
438677
438685
438694
438703
438705
438712
438713
438717
438748
438753
438756
438788
438793
438797
438815
439384
439385
439406
439430
439601
439602
439603
439604
439605
439658
439660
439661
439662
439663
439664
439665
439666
439668
439669
439671
439672
439673
439676
439677
439678
439680
439682
439683
439684
439690
439691
439692
439693
439694
439695
439698
439700
439701
439702
439703
439704
439706
439707
439709
439713
439714
439715
439717
439718
439720
439722
439723
439724
439726
439727
439728
439729
439731
439732
439733
439735
439736
439738
439739
439740
439741
439742
439746
439748
439749
439750
439751
439752
439752
439753
439754
439755
439757
439758
439762
439763
439764
439765
439769
439771
439772
439773
439774
439774
439775
439776
439777
439779
439781
439782
439783
439785
439786
439789
439790
439791
439792
439794
439795
439796
439798
439800
439802
439803
439804
439805
439808
439811
439812
439813
439823
439824
439826
439830
439832
439833
439841
439842
439845
439847
439848
439852
439855
442011
442017
442029
442030
442035
442040
442042
442043
442045
442047
442049
442050
442052
442053
442056
442059
442060
442060
442075
442086
442087
442089
442098
442107
442111
442113
442114
442116
442117
442123
442124
442128
442132
442133
442140
442143
442152
442154
442159
442161
442171
442173
442175
442182
442184
442187
442204
442218
442221
442225
442231
442234
442737
442738
442739
442740
442741
442742
442743
442744
442745
442746
442747
442748
442749
442750
442751
442752
442753
442754
442755
442756
442757
442758
442759
442760
442761
442762
442763
442764
442765
442766
442768
442771
442772
442773
442774
442775
442776
442777
442778
442779
442780
442781
442782
442783
442784
442785
442786
442787
442788
442789
442790
442791
442792
442793
442794
442795
442796
442797
442798
442799
442800
442801
442802
442803
442804
442805
442806
442807
442808
442809
442811
442889
442893
442895
442897
442898
442899
442900
442902
442903
442905
442906
442907
442908
442909
442910
442912
442913
442915
442917
442920
442922
442923
442924
442925
442926
442928
442929
442930
442931
442932
442935
442936
442938
442940
442941
442943
442950
442955
442959
442960
442961
442966
442967
442968
442970
442973
442977
442978
442979
442980
442982
442985
442988
442989
442991
442992
442993
442995
442998
443003
443004
443005
443006
443008
443010
443011
443012
443013
443014
443018
443019
443022
443023
443024
443026
443028
443029
443030
443032
443036
443038
443039
443041
443043
443044
443045
443046
443049
443050
443056
443057
443058
443059
443064
443065
443066
443067
443068
443070
443075
443077
443082
443084
443091
443092
443098
443100
443101
443102
443105
443106
443107
443112
443113
443114
443115
443116
443117
443119
443120
443121
443123
443124
443126
443127
443128
443130
443133
443134
443136
443136
443137
446208
447129
447130
447131
447132
447133
447134
447135
447136
447137
447138
447141
447142
447143
447144
447146
447147
447148
447149
447150
447151
447152
447153
447154
447155
447158
447160
447161
447164
447165
447167
447168
447171
447172
447173
447174
447176
447177
447179
447180
447181
447182
447183
447184
447185
447186
447187
447188
447189
447190
447191
447192
447193
447194
447197
447198
447200
447202
447205
447206
447207
447208
447209
447210
447211
447213
447214
447216
447216
447217
447221
447222
447223
447225
447226
447227
447229
447230
447231
447233
447234
447235
447237
447238
447239
447240
447241
447244
447245
447246
447247
447250
447252
447254
447255
447256
447258
447260
447261
447262
447263
447265
447266
447266
447267
447268
447269
447270
447271
447273
447275
447276
447277
447278
447279
447281
447282
447283
447284
447286
447287
447288
447289
447290
447291
447292
447293
447294
447295
447296
447297
447298
447299
447300
447301
447301
447302
447303
447304
447305
447306
447307
447308
447309
447310
447311
447312
447313
447314
447316
447318
447321
447323
447325
447326
447329
447331
447332
447334
447335
447336
447338
447340
447345
447346
447347
447349
447350
447351
447352
447353
447357
447358
447359
447360
447361
447364
447368
447369
447370
447371
447373
447374
447376
447377
447378
447379
447380
447382
447383
447384
447385
447387
447388
447389
447390
447392
447393
447394
447395
447396
447397
447399
447403
447407
447411
447415
450231
450234
450240
450247
450249
450614
450624
450627
450640
450645
451055
451056
451080
451157
451183
452754
452756
452767
452770
452772
452773
452775
452776
452777
452779
452786
452792
452796
452802
452804
452805
452808
452809
452810
452811
452812
452814
452815
452817
452818
452825
452833
452842
452843
452845
452847
452850
452852
452854
452855
452859
452862
452864
452868
452876
452879
452884
452886
452893
452896
452900
452901
452921
452922
452924
452925
452928
452940
452941
452943
452950
452956
452962
452963
452964
452965
452966
452967
452968
452976
452977
452978
452984
452988
452990
452995
452997
452998
453002
453005
455775
455776
455777
455778
455926
455927
455928
456078
456079
456080
456234
456237
456238
456239
456382
456383
456384
456385
456516
456517
456518
456519
456520
456640
457149
457150
457151
457154
457156
457158
457167
457169
457171
457174
457175
457177
457179
457180
457183
457184
457188
457190
457192
457193
457194
457197
457198
457204
457207
457211
457213
457215
457216
457218
457226
457228
457230
457234
457237
457245
457247
457248
457254
457256
457261
457262
457265
457269
457289
457290
457298
457315
457317
457320
457328
457332
457334
457340
457342
457353
457361
457363
457375
457379
457380
457381
457385
457387
457389
457403
460932
460934
460935
460937
460941
460946
460950
460955
460956
460960
460962
460966
460968
460970
460973
460974
460975
460979
460984
460985
460986
460987
460988
460994
460997
460998
460999
461000
461001
461002
461003
461004
461005
461008
461010
461011
461013
461014
461015
461020
461021
461022
461023
461025
461027
461028
461030
461031
461034
461035
461036
461037
461039
461041
461054
461056
461064
461066
461073
461076
461080
461081
461083
461089
461091
461092
461093
461097
461098
461100
461101
461102
461103
461104
461109
461110
461115
461116
461128
461131
461143
461146
461149
461152
461156
461159
461161
461163
461168
461170
461174
463965
463972
463974
463977
463982
463984
463985
463991
463995
463998
464000
464003
464004
464006
464011
464013
464014
464018
464019
464020
464021
464022
464024
464026
464028
464031
464036
464040
464042
464044
464048
464052
464053
464064
464070
464072
464075
464076
464081
464088
464089
464090
464091
464095
464097
464121
464126
464127
464129
464142
464159
464162
464172
464173
464179
464186
464187
464194
464199
464200
464201
464202
464203
466761
466765
466768
466769
466772
466775
466782
466784
466785
466786
466787
466788
466791
466794
466796
466797
466798
466799
466801
466802
466803
466808
466809
466813
466814
466815
466816
466818
466820
466823
466824
466825
466827
466829
466832
466833
466835
466836
466837
466838
466839
466840
466842
466843
466845
466846
466847
466850
466851
466853
466854
466855
466856
466858
466862
466863
466866
466868
466872
466873
466874
466875
466880
466882
466883
466886
466887
466892
466894
466896
466897
466898
466899
466901
466902
466903
466906
466908
466913
466914
466915
466920
466921
466922
466924
466929
466932
466935
466936
466937
466938
466941
466942
466946
466957
466958
466967
466972
466976
466978
466979
466985
466986
466990
466994
466996
466999
467000
467001
467004
467008
467009
467010
467011
467012
470539
470540
470541
470542
470543
470544
470545
470546
